   1: 2 4 21 - (13) (318) (434)
   2: 2 7 84 - (62) (69) (371)
   3: 5 23 1035 - (37) (89) (387)
   4: 3 8 168 - (73) (268) (1022)
   5: 2 10 340 - (23) (44) (170)
   6: 2 3 12 - (20) (86) (177)
   7: 4 252 - (33) (1281)
   8: 8 36 - (44) (1608)
   9: 2 30 495 - (7) (51) (63)
  10: 23 1035 - (123) (549)
  11: 2 4 5 - (6) (73) (284)
  12: 6 228 - (134) (172)
  13: 16 304 - (95) (122)
  14: 6 48 - (118) (166)
  15: 3 7 630 - (67) (267) (1314)
  16: 2 3 12 - (5) (79) (356)
  17: 2 7 56 - (31) (712) (2212)
  18: 4 27 2160 - (268) (272) (376)
  19: 4 14 1848 - (58) (138) (568)
  20: 3 294 - (329) (1246)
  21: 3 60 - (29) (92)
  22: 2 8 - (5) (94)
  23: 4 48 - (42) (584)
  24: 4 26 - (34) (949)
  25: 4 24 840 - (62) (172) (679)
  26: 8 104 - (46) (286)
  27: 2 9 - (141) (657)
  28: 2 14 378 - (93) (1278) (1971)
  29: 3 8 - (152) (219)
  30: 3 13 312 - (10) (28) (184)
  31: 4 16 - (61) (79)
  32: 5 9 855 - (17) (123) (5035)
  33: 2 12 - (123) (134)
  34: 2 10 390 - (31) (86) (93)
  35: 2 3 23 - (19) (134) (201)
  36: 2 8 216 - (18) (39) (153)
  37: 8 32 - (11) (17)
  38: 5 158 49770 - (93) (301) (747)
  39: 2 5 45 - (61) (237) (801)
  40: 8 280 - (37) (410)
  41: 2 6 120 - (76) (235) (244)
  42: 12 78 - (34) (292)
  43: 3 8 60 - (24) (71) (92)
  44: 4 36 - (178) (237)
  45: 2 5 210 - (29) (335) (553)
  46: 4 5 - (55) (134)
  47: 2 61 18544 - (83) (893) (1136)
  48: 2 6 14 - (5) (35) (201)
  49: 6 63 - (402) (657)
  50: 4 48 - (142) (258)
  51: 3 12 300 - (205) (775) (970)
  52: 30 204 - (31) (1060)
  53: 5 40 - (166) (410)
  54: 5 80 - (74) (85)
  55: 4 310 239940 - (93) (183) (3569)
  56: 4 36 - (39) (134)
  57: 2 9 - (22) (291)
  58: 3 14 210 - (61) (305) (511)
  59: 2 4 7 - (21) (62) (82)
  60: 2 9 396 - (29) (46) (52)
  61: 3 24 - (14) (17)
  62: 5 25 850 - (35) (97) (1802)
  63: 4 27 2160 - (356) (632) (1424)
  64: 2 8 312 - (17) (87) (1157)
  65: 3 12 - (58) (213)
  66: 2 3 16 - (122) (464) (1032)
  67: 6 48 - (68) (236)
  68: 4 32 - (1072) (1168)
  69: 6 84 - (38) (329)
  70: 5 9 - (477) (885)
  71: 2 3 12 - (52) (178) (498)
  72: 2 3 7 - (71) (73) (78)
  73: 2 8 - (73) (74)
  74: 3 15 100 - (43) (1460) (2950)
  75: 9 180 - (52) (246)
  76: 4 22 1188 - (15) (21) (21)
  77: 6 84 - (61) (76)
  78: 2 60 - (177) (415)
  79: 7 336 - (284) (444)
  80: 2 8 216 - (73) (97) (171)
  81: 2 12 - (291) (332)
  82: 2 4 80 - (48) (520) (568)
  83: 23 1035 - (31) (531)
  84: 2 14 189 - (315) (333) (1161)
  85: 3 16 1008 - (111) (291) (1491)
  86: 3 12 - (76) (138)
  87: 3 9 450 - (59) (970) (975)
  88: 2 5 8 - (148) (310) (632)
  89: 2 8 14 - (12) (134) (1988)
  90: 4 5 - (166) (316)
  91: 18 468 - (19) (172)
  92: 3 12 75 - (62) (230) (236)
  93: 4 14 - (44) (86)
  94: 2 5 45 - (29) (123) (158)
  95: 2 3 9 - (11) (21) (178)
  96: 4 36 - (41) (534)
  97: 3 10 - (39) (185)
  98: 2 4 5 - (62) (106) (316)
  99: 3 19 1425 - (17) (115) (267)
 100: 6 48 - (19) (292)
 101: 3 24 - (53) (284)
 102: 4 37 - (76) (2257)
 103: 4 23 184 - (11) (40) (71)
 104: 2 12 105 - (116) (203) (710)
 105: 2 5 270 - (69) (153) (249)
 106: 2 3 126 - (69) (71) (387)
 107: 2 6 171 - (71) (83) (549)
 108: 2 15 270 - (39) (235) (639)
 109: 3 18 - (183) (423)
 110: 4 300 - (255) (445)
 111: 2 10 180 - (102) (1602) (1770)
 112: 2 7 532 - (73) (106) (3382)
 113: 5 23 1035 - (99) (219) (255)
 114: 4 27 1836 - (18) (21) (29)
 115: 2 12 - (31) (244)
 116: 3 13 2184 - (38) (77) (94)
 117: 2 9 - (31) (318)
 118: 6 13 - (11) (3471)
 119: 3 24 52 - (47) (284) (296)
 120: 2 5 45 - (19) (41) (801)
 121: 2 23 1035 - (87) (99) (246)
 122: 4 21 2380 - (31) (37) (345)
 123: 2 5 120 - (14) (15) (158)
 124: 2 4 22 - (29) (33) (47)
 125: 8 72 - (71) (531)
 126: 2 3 48 - (61) (268) (636)
 127: 2 47 10998 - (51) (51) (273)
 128: 2 3 24 - (76) (89) (92)
 129: 2 8 32 - (10) (89) (152)
 130: 2 9 720 - (22) (220) (296)
 131: 3 60 - (37) (830)
 132: 2 8 72 - (222) (222) (414)
 133: 2 9 38 - (23) (93) (99)
 134: 3 19 2508 - (34) (38) (76)
 135: 2 12 - (43) (164)
 136: 2 7 112 - (146) (332) (944)
 137: 4 36 - (13) (82)
 138: 2 3 36 - (58) (116) (774)
 139: 6 110 - (85) (187)
 140: 2 10 690 - (14) (79) (115)
 141: 7 728 - (56) (2132)
 142: 2 36 - (22) (124)
 143: 2 15 300 - (67) (230) (1175)
 144: 3 8 32 - (544) (1072) (1168)
 145: 2 3 36 - (83) (207) (732)
 146: 2 9 13 - (41) (249) (390)
 147: 12 1332 - (74) (207)
 148: 6 37 17760 - (472) (544) (820)
 149: 10 240 - (176) (1272)
 150: 2 8 216 - (11) (111) (201)
 151: 3 15 460 - (12) (59) (118)
 152: 2 9 - (41) (657)
 153: 4 15 1260 - (29) (69) (603)
 154: 8 104 - (20) (58)
 155: 4 5 - (68) (670)
 156: 14 378 - (267) (873)
 157: 2 8 - (3) (11)
 158: 3 8 600 - (41) (106) (1525)
 159: 2 8 32 - (44) (83) (388)
 160: 6 36 - (11) (68)
 161: 6 120 - (47) (430)
 162: 2 9 - (69) (186)
 163: 3 24 - (29) (82)
 164: 12 69 - (122) (138)
 165: 5 22 3850 - (275) (365) (415)
 166: 6 198 - (37) (207)
 167: 5 420 - (474) (868)
 168: 2 5 270 - (99) (261) (747)
 169: 2 10 18 - (39) (166) (315)
 170: 12 138 - (219) (4462)
 171: 2 20 780 - (7) (34) (2847)
 172: 2 3 9 - (23) (45) (267)
 173: 2 8 - (29) (76)
 174: 7 140 - (178) (236)
 175: 2 3 96 - (13) (28) (44)
 176: 2 9 99 - (53) (194) (1353)
 177: 3 14 378 - (43) (45) (79)
 178: 3 7 924 - (12) (47) (58)
 179: 2 7 140 - (73) (106) (130)
 180: 3 8 504 - (33) (37) (117)
 181: 3 9 42 - (78) (79) (2961)
 182: 5 32 4320 - (60) (87) (783)
 183: 2 4 32 - (118) (164) (184)
 184: 2 5 45 - (59) (141) (261)
 185: 12 684 - (17) (9006)
 186: 5 49 9555 - (79) (145) (249)
 187: 2 24 - (118) (534)
 188: 3 60 - (73) (148)
 189: 2 13 234 - (59) (69) (3237)
 190: 2 3 12 - (37) (71) (76)
 191: 4 132 - (46) (737)
 192: 2 8 - (3) (164)
 193: 4 32 - (97) (212)
 194: 3 12 - (316) (582)
 195: 2 8 - (166) (178)
 196: 4 56 8568 - (18) (83) (177)
 197: 7 84 1113 - (58) (118) (284)
 198: 2 6 372 - (53) (268) (2573)
 199: 2 6 46 - (17) (61) (402)
 200: 2 7 12 - (186) (284) (574)
 201: 3 12 13 - (58) (123) (292)
 202: 2 5 45 - (39) (43) (474)
 203: 2 27 126 - (5) (45) (135)
 204: 2 7 630 - (71) (145) (159)
 205: 2 7 140 - (30) (73) (244)
 206: 10 140 - (12) (86)
 207: 2 20 500 - (775) (1325) (1525)
 208: 4 48 1296 - (54) (351) (621)
 209: 5 30 - (67) (710)
 210: 3 132 - (148) (1606)
 211: 3 24 - (20) (356)
 212: 2 3 60 - (71) (76) (190)
 213: 4 5 - (62) (470)
 214: 3 9 126 - (61) (97) (602)
 215: 3 20 240 - (13) (82) (185)
 216: 4 228 - (183) (437)
 217: 2 12 228 - (21) (37) (1102)
 218: 2 3 144 - (237) (636) (1424)
 219: 2 15 810 - (29) (31) (97)
 220: 2 5 270 - (71) (83) (123)
 221: 5 60 - (62) (276)
 222: 2 4 7 - (12) (158) (322)
 223: 18 576 - (84) (3008)
 224: 2 36 - (134) (236)
 225: 2 3 60 - (44) (61) (178)
 226: 3 12 72 - (136) (204) (636)
 227: 2 8 - (59) (388)
 228: 7 140 - (15) (29)
 229: 3 24 - (118) (178)
 230: 4 40 - (344) (430)
 231: 2 9 - (37) (142)
 232: 4 69 17388 - (45) (67) (2403)
 233: 4 40 - (58) (235)
 234: 5 32 1120 - (41) (116) (232)
 235: 4 15 1260 - (177) (183) (207)
 236: 3 26 - (31) (1131)
 237: 2 4 14 - (43) (59) (497)
 238: 2 11 20 - (62) (268) (1958)
 239: 2 4 34 - (41) (74) (268)
 240: 4 160 - (944) (1184)
 241: 3 132 - (71) (116)
 242: 2 6 22 - (13) (158) (451)
 243: 7 140 - (47) (332)
 244: 5 32 4320 - (222) (279) (4266)
 245: 3 60 - (59) (370)
 246: 3 8 504 - (123) (183) (553)
 247: 2 4 16 - (6) (20) (146)
 248: 2 3 60 - (11) (41) (124)
 249: 2 8 - (92) (172)
 250: 4 104 - (118) (182)
 251: 10 25 - (275) (970)
 252: 3 10 240 - (79) (104) (142)
 253: 2 3 54 - (23) (23) (213)
 254: 2 3 13 - (29) (41) (102)
 255: 9 2178 - (253) (8833)
 256: 5 30 160 - (146) (496) (1488)
 257: 2 25 1100 - (29) (148) (2134)
 258: 14 378 - (47) (71)
 259: 3 7 168 - (17) (86) (568)
 260: 2 8 - (6) (62)
 261: 3 10 105 - (23) (89) (130)
 262: 5 40 - (15) (83)
 263: 3 34 357 - (19) (301) (901)
 264: 6 44 3102 - (7) (1068) (4042)
 265: 2 3 12 - (59) (92) (582)
 266: 5 30 - (106) (1065)
 267: 3 18 - (63) (114)
 268: 6 120 - (43) (380)
 269: 2 12 - (166) (236)
 270: 2 9 1368 - (57) (316) (776)
 271: 2 3 24 - (6) (61) (68)
 272: 3 24 - (52) (134)
 273: 3 8 456 - (61) (67) (244)
 274: 14 378 - (19) (51)
 275: 2 6 48 - (38) (152) (194)
 276: 2 6 84 - (11) (67) (1358)
 277: 2 20 - (178) (212)
 278: 3 10 240 - (134) (328) (664)
 279: 2 5 320 - (34) (304) (496)
 280: 5 36 4095 - (53) (146) (4186)
 281: 2 4 60 - (62) (73) (213)
 282: 24 696 - (22) (292)
 283: 2 3 96 - (20) (268) (376)
 284: 4 108 - (15) (87)
 285: 3 38 5016 - (57) (68) (7304)
 286: 6 36 - (306) (474)
 287: 2 5 120 - (83) (136) (188)
 288: 5 45 414 - (71) (183) (1978)
 289: 2 4 5 - (12) (89) (530)
 290: 5 50 - (275) (790)
 291: 3 12 - (83) (388)
 292: 2 3 132 - (67) (89) (110)
 293: 2 3 12 - (10) (29) (282)
 294: 6 16 1488 - (284) (584) (5828)
 295: 6 44 2860 - (83) (205) (247)
 296: 12 384 - (34) (176)
 297: 3 60 - (68) (82)
 298: 3 47 10998 - (43) (531) (5694)
 299: 3 14 - (61) (114)
 300: 3 18 66 - (59) (123) (603)
 301: 9 126 - (51) (182)
 302: 8 156 54600 - (265) (445) (1855)
 303: 5 80 - (34) (445)
 304: 10 11 - (335) (506)
 305: 2 4 180 - (47) (123) (255)
 306: 2 88 - (71) (1958)
 307: 2 8 - (58) (68)
 308: 3 12 - (166) (212)
 309: 12 78 - (38) (143)
 310: 2 3 12 - (10) (74) (116)
 311: 4 72 - (40) (148)
 312: 2 24 - (94) (732)
 313: 5 45 738 - (11) (178) (5289)
 314: 2 4 32 - (82) (268) (664)
 315: 6 32 1248 - (122) (183) (2158)
 316: 3 10 240 - (52) (184) (472)
 317: 2 13 325 - (47) (485) (1175)
 318: 3 48 8400 - (50) (355) (2135)
 319: 3 11 132 - (7) (46) (946)
 320: 26 5382 - (423) (4209)
 321: 2 20 - (194) (395)
 322: 2 14 525 - (85) (155) (1775)
 323: 2 12 - (164) (474)
 324: 2 16 432 - (158) (222) (876)
 325: 4 30 600 - (83) (166) (3880)
 326: 2 33 - (29) (222)
 327: 3 8 108 - (7) (549) (2328)
 328: 5 75 - (145) (645)
 329: 2 3 36 - (19) (204) (333)
 330: 2 12 150 - (79) (110) (580)
 331: 6 7 - (62) (161)
 332: 2 8 120 - (71) (146) (159)
 333: 3 15 260 - (92) (122) (143)
 334: 2 6 84 - (23) (59) (332)
 335: 2 8 - (12) (20)
 336: 3 20 240 - (166) (215) (268)
 337: 6 84 - (5) (322)
 338: 2 16 - (11) (424)
 339: 2 3 204 - (61) (158) (1037)
 340: 41 8364 - (57) (2108)
 341: 2 3 234 - (17) (37) (689)
 342: 4 18 684 - (23) (213) (1501)
 343: 2 23 1564 - (62) (122) (187)
 344: 13 468 18486 - (46) (74) (388)
 345: 4 35 1540 - (19) (58) (319)
 346: 3 12 75 - (170) (310) (3950)
 347: 10 140 - (142) (316)
 348: 3 19 1425 - (2) (41) (1025)
 349: 3 32 2016 - (11) (89) (747)
 350: 3 18 576 - (38) (1184) (2336)
 351: 2 15 660 - (19) (97) (388)
 352: 3 14 33 - (67) (71) (1606)
 353: 7 252 - (194) (1204)
 354: 3 60 - (11) (365)
 355: 3 12 72 - (516) (564) (747)
 356: 3 20 420 - (6) (161) (445)
 357: 2 10 105 - (11) (265) (329)
 358: 12 180 - (37) (415)
 359: 14 378 - (39) (261)
 360: 2 10 140 - (5) (122) (182)
 361: 3 7 63 - (5) (33) (35)
 362: 2 3 12 - (142) (222) (316)
 363: 2 7 280 - (42) (152) (260)
 364: 2 11 352 - (28) (356) (712)
 365: 2 4 5 - (22) (142) (305)
 366: 19 1425 - (59) (915)
 367: 4 108 - (17) (639)
 368: 2 3 12 - (17) (66) (71)
 369: 6 36 - (249) (387)
 370: 2 7 12 - (47) (236) (474)
 371: 2 6 60 - (62) (141) (244)
 372: 2 6 54 - (159) (198) (711)
 373: 4 24 312 - (14) (19) (87)
 374: 3 15 860 - (74) (92) (7138)
 375: 27 1188 - (174) (3124)
 376: 3 15 560 - (106) (124) (592)
 377: 2 6 252 - (41) (86) (2628)
 378: 5 9 - (111) (285)
 379: 6 33 3234 - (73) (1407) (1813)
 380: 2 5 350 - (235) (395) (775)
 381: 5 270 - (23) (774)
 382: 2 8 120 - (31) (38) (645)
 383: 4 26 2340 - (33) (79) (285)
 384: 3 7 2688 - (268) (304) (544)
 385: 3 12 39 - (5) (106) (1586)
 386: 2 92 - (37) (506)
 387: 5 88 15400 - (31) (95) (1325)
 388: 2 12 - (41) (201)
 389: 2 3 60 - (30) (31) (134)
 390: 4 44 1287 - (51) (87) (153)
 391: 2 19 1064 - (5) (40) (124)
 392: 3 10 240 - (46) (92) (296)
 393: 2 15 660 - (6) (67) (374)
 394: 5 180 - (948) (2790)
 395: 3 7 294 - (34) (77) (581)
 396: 2 4 16 - (22) (24) (268)
 397: 17 1428 - (39) (70)
 398: 5 38 2850 - (31) (89) (1675)
 399: 7 90 2835 - (129) (783) (4293)
 400: 3 24 - (37) (164)
 401: 3 7 238 - (82) (141) (187)
 402: 3 7 189 - (21) (47) (183)
 403: 2 3 7 - (79) (213) (511)
 404: 3 8 72 - (291) (369) (474)
 405: 2 10 840 - (66) (172) (248)
 406: 3 15 260 - (10) (142) (611)
 407: 2 5 40 - (68) (166) (340)
 408: 10 100 - (1460) (3050)
 409: 6 33 - (13) (318)
 410: 2 12 - (57) (148)
 411: 6 330 - (219) (4565)
 412: 2 12 168 - (11) (134) (632)
 413: 4 16 - (26) (188)
 414: 3 12 - (10) (148)
 415: 4 13 - (97) (1157)
 416: 4 51 4284 - (97) (159) (1659)
 417: 2 6 14 - (66) (89) (427)
 418: 2 12 - (59) (258)
 419: 2 4 72 - (66) (1164) (1908)
 420: 4 36 - (42) (67)
 421: 3 19 2508 - (97) (187) (244)
 422: 3 30 2820 - (10) (142) (2867)
 423: 2 12 - (94) (244)
 424: 2 4 24 - (22) (164) (712)
 425: 3 14 - (86) (91)
 426: 3 32 - (544) (2328)
 427: 3 8 33 - (66) (134) (388)
 428: 5 110 - (59) (3685)
 429: 2 4 38 - (41) (83) (148)
 430: 6 36 2340 - (11) (26) (51)
 431: 3 8 - (92) (732)
 432: 2 16 - (14) (178)
 433: 2 8 - (244) (388)
 434: 2 20 - (106) (215)
 435: 2 12 - (22) (236)
 436: 2 6 228 - (31) (118) (494)
 437: 3 23 1035 - (129) (267) (355)
 438: 10 165 - (37) (366)
 439: 14 280 - (194) (376)
 440: 3 14 15 - (97) (301) (445)
 441: 4 18 324 - (45) (201) (261)
 442: 3 11 1320 - (53) (188) (424)
 443: 3 8 1656 - (43) (115) (177)
 444: 2 4 14 - (19) (20) (434)
 445: 3 24 - (17) (34)
 446: 5 36 2070 - (11) (89) (212)
 447: 2 10 140 - (68) (74) (82)
 448: 3 7 140 - (13) (76) (111)
 449: 2 11 594 - (201) (201) (873)
 450: 2 8 312 - (71) (86) (87)
 451: 2 5 45 - (58) (159) (249)
 452: 3 12 102 - (19) (106) (116)
 453: 2 6 444 - (7) (62) (2627)
 454: 4 18 171 - (14) (15) (1273)
 455: 2 6 120 - (94) (376) (970)
 456: 3 11 594 - (63) (123) (2619)
 457: 2 24 - (37) (328)
 458: 6 87 - (183) (3422)
 459: 28 476 - (497) (1394)
 460: 2 3 198 - (79) (111) (171)
 461: 4 22 - (66) (178)
 462: 2 10 120 - (146) (164) (930)
 463: 3 15 510 - (53) (83) (4947)
 464: 2 19 1064 - (268) (388) (1876)
 465: 3 24 1288 - (35) (41) (3818)
 466: 3 10 18 - (69) (213) (369)
 467: 4 16 - (142) (332)
 468: 2 68 - (58) (172)
 469: 2 6 120 - (38) (142) (335)
 470: 7 78 8372 - (41) (60) (158)
 471: 4 42 2100 - (41) (205) (1075)
 472: 3 18 360 - (236) (264) (670)
 473: 2 21 54 - (69) (413) (1161)
 474: 5 150 - (95) (5025)
 475: 14 378 - (21) (51)
 476: 7 88 28952 - (82) (118) (1786)
 477: 2 31 2852 - (41) (134) (388)
 478: 6 33 - (38) (187)
 479: 23 1564 - (22) (901)
 480: 3 10 - (19) (310)
 481: 2 50 55 - (89) (97) (1525)
 482: 2 8 - (74) (212)
 483: 2 3 36 - (213) (258) (1278)
 484: 2 20 780 - (19) (53) (286)
 485: 2 8 - (89) (194)
 486: 2 33 - (5) (2739)
 487: 2 12 - (93) (158)
 488: 2 12 540 - (93) (365) (621)
 489: 2 22 704 - (74) (236) (1072)
 490: 4 26 - (28) (41)
 491: 2 12 - (33) (292)
 492: 15 1035 - (129) (5037)
 493: 14 224 - (35) (992)
 494: 2 6 48 - (24) (61) (244)
 495: 2 12 - (11) (284)
 496: 2 3 60 - (43) (52) (118)
 497: 5 220 - (67) (268)
 498: 3 36 2340 - (41) (215) (689)
 499: 2 11 231 - (19) (123) (1246)
 500: 6 34 714 - (11) (35) (1649)
 501: 2 8 80 - (332) (890) (944)
 502: 8 220 - (284) (2728)
 503: 4 27 2160 - (37) (48) (106)
 504: 12 456 - (41) (56)
 505: 9 342 - (51) (1102)
 506: 6 165 - (335) (1034)
 507: 4 15 1260 - (13) (19) (747)
 508: 3 8 168 - (23) (74) (742)
 509: 3 14 378 - (67) (99) (423)
 510: 24 27 - (744) (1809)
 511: 2 150 - (61) (1455)
 512: 3 24 - (58) (71)
 513: 4 36 - (33) (258)
 514: 6 156 - (53) (533)
 515: 6 64 - (848) (1984)
 516: 3 24 - (52) (62)
 517: 16 471 369264 - (26) (217) (931)
 518: 4 14 672 - (248) (848) (1888)
 519: 4 23 - (34) (212)
 520: 2 7 168 - (188) (364) (424)
 521: 2 5 8 - (3) (23) (632)
 522: 4 15 66 - (146) (215) (913)
 523: 5 78 7020 - (438) (558) (1917)
 524: 2 7 630 - (17) (89) (549)
 525: 2 4 26 - (43) (97) (1157)
 526: 2 25 1225 - (371) (553) (2107)
 527: 3 8 72 - (51) (166) (423)
 528: 2 3 54 - (219) (261) (549)
 529: 3 7 168 - (44) (122) (232)
 530: 2 6 84 - (83) (122) (679)
 531: 2 5 120 - (11) (46) (582)
 532: 2 3 9 - (26) (129) (141)
 533: 4 29 1653 - (31) (67) (996)
 534: 3 132 - (55) (172)
 535: 10 160 - (55) (88)
 536: 5 154 35420 - (22) (74) (164)
 537: 11 352 - (188) (424)
 538: 4 1260 - (747) (1407)
 539: 2 4 14 - (59) (67) (154)
 540: 2 5 270 - (53) (61) (89)
 541: 3 12 - (61) (582)
 542: 3 24 - (43) (97)
 543: 4 18 900 - (10) (37) (1025)
 544: 10 174 45240 - (172) (188) (2054)
 545: 2 45 - (65) (354)
 546: 2 8 - (5) (20)
 547: 3 90 - (138) (333)
 548: 2 10 315 - (6) (69) (801)
 549: 18 171 - (67) (1653)
 550: 2 3 9 - (39) (46) (201)
 551: 4 27 1188 - (89) (123) (158)
 552: 4 48 - (184) (366)
 553: 14 280 - (316) (445)
 554: 4 15 220 - (35) (43) (87)
 555: 4 40 - (445) (488)
 556: 3 41 3321 - (45) (237) (351)
 557: 2 11 594 - (7) (213) (267)
 558: 6 48 - (19) (296)
 559: 23 1564 - (6) (188)
 560: 2 6 14 - (69) (89) (511)
 561: 2 3 24 - (47) (68) (244)
 562: 2 3 240 - (86) (106) (610)
 563: 7 77 38038 - (58) (299) (893)
 564: 14 280 - (37) (370)
 565: 2 3 9 - (79) (99) (249)
 566: 8 44 - (488) (869)
 567: 2 3 24 - (5) (82) (118)
 568: 2 46 3128 - (61) (244) (3298)
 569: 5 31 15345 - (61) (117) (869)
 570: 2 4 14 - (58) (166) (1246)
 571: 2 5 45 - (69) (174) (183)
 572: 4 22 1672 - (14) (44) (56)
 573: 3 24 - (14) (244)
 574: 2 4 120 - (79) (296) (4740)
 575: 5 25 1350 - (67) (82) (93)
 576: 2 9 396 - (106) (158) (284)
 577: 4 62 - (106) (292)
 578: 2 12 - (43) (402)
 579: 7 50 875 - (85) (86) (1625)
 580: 4 18 684 - (7) (93) (1558)
 581: 2 3 24 - (23) (118) (178)
 582: 2 3 50 - (83) (475) (485)
 583: 2 3 57 - (89) (118) (1691)
 584: 7 98 - (19) (2303)
 585: 3 24 - (38) (89)
 586: 3 54 - (477) (1809)
 587: 9 720 - (232) (235)
 588: 2 3 60 - (97) (97) (212)
 589: 3 14 105 - (19) (43) (1246)
 590: 2 6 120 - (172) (388) (620)
 591: 3 10 - (114) (215)
 592: 2 12 - (61) (183)
 593: 5 42 2310 - (71) (305) (341)
 594: 6 444 - (68) (2146)
 595: 7 48 9744 - (31) (142) (1798)
 596: 14 378 - (111) (531)
 597: 3 30 - (51) (118)
 598: 3 7 84 - (66) (74) (2324)
 599: 2 4 16 - (10) (53) (188)
 600: 2 4 18 - (90) (267) (282)
 601: 2 3 54 - (73) (87) (177)
 602: 2 60 - (106) (1060)
 603: 2 3 12 - (124) (178) (183)
 604: 2 8 9 - (134) (318) (1278)
 605: 2 3 90 - (31) (99) (159)
 606: 3 24 - (6) (58)
 607: 2 3 9 - (7) (291) (387)
 608: 12 78 - (79) (611)
 609: 4 51 4284 - (2) (45) (287)
 610: 3 14 15 - (34) (61) (1505)
 611: 11 3740 - (60) (442)
 612: 2 8 - (20) (268)
 613: 2 6 50 - (130) (415) (1775)
 614: 4 16 - (13) (248)
 615: 2 7 140 - (67) (71) (890)
 616: 2 4 14 - (122) (284) (658)
 617: 19 2508 - (148) (1221)
 618: 47 6580 - (485) (1148)
 619: 2 8 - (43) (76)
 620: 3 24 - (20) (268)
 621: 4 24 600 - (2) (205) (1325)
 622: 6 16 - (7) (132)
 623: 4 24 1176 - (29) (57) (89)
 624: 2 3 12 - (29) (201) (268)
 625: 4 48 - (122) (304)
 626: 3 12 75 - (44) (106) (170)
 627: 2 8 - (46) (356)
 628: 2 28 3108 - (22) (39) (43)
 629: 9 126 - (31) (318)
 630: 3 10 240 - (58) (194) (344)
 631: 2 4 16 - (23) (31) (73)
 632: 4 16 368 - (3) (12) (2162)
 633: 2 24 - (82) (184)
 634: 2 3 24 - (28) (61) (76)
 635: 2 8 50 - (70) (95) (344)
 636: 2 14 770 - (13) (187) (290)
 637: 2 24 - (106) (424)
 638: 2 10 440 - (12) (76) (152)
 639: 2 6 36 - (29) (67) (212)
 640: 2 8 - (58) (388)
 641: 13 832 - (148) (284)
 642: 13 220 77220 - (171) (531) (999)
 643: 4 5 50 - (310) (340) (475)
 644: 2 45 - (106) (1335)
 645: 9 126 - (129) (413)
 646: 3 24 - (19) (31)
 647: 2 6 54 - (53) (177) (234)
 648: 3 10 240 - (17) (568) (664)
 649: 7 62 9548 - (23) (92) (649)
 650: 3 15 735 - (13) (41) (2989)
 651: 5 320 - (23) (304)
 652: 5 25 1350 - (477) (873) (1647)
 653: 3 14 476 - (94) (258) (646)
 654: 20 3780 - (73) (1026)
 655: 2 3 60 - (37) (61) (115)
 656: 2 4 26 - (47) (67) (1157)
 657: 4 13 3536 - (142) (496) (584)
 658: 2 100 - (41) (1525)
 659: 3 12 72 - (13) (328) (948)
 660: 4 16 432 - (7) (62) (477)
 661: 3 7 168 - (19) (244) (868)
 662: 2 5 45 - (37) (129) (498)
 663: 3 8 - (20) (492)
 664: 3 10 240 - (14) (268) (472)
 665: 3 24 52 - (37) (53) (536)
 666: 3 10 105 - (37) (94) (371)
 667: 2 20 - (118) (730)
 668: 3 168 - (21) (67)
 669: 2 15 - (13) (110)
 670: 2 4 420 - (23) (237) (581)
 671: 2 126 - (119) (801)
 672: 3 7 294 - (10) (61) (2989)
 673: 2 4 16 - (19) (82) (268)
 674: 2 7 140 - (41) (134) (970)
 675: 3 12 282 - (31) (34) (52)
 676: 6 75 - (275) (970)
 677: 4 196 - (161) (994)
 678: 2 5 120 - (76) (184) (194)
 679: 2 15 2460 - (158) (268) (1763)
 680: 39 4524 - (82) (754)
 681: 4 60 125 - (23) (23) (9875)
 682: 3 8 - (68) (584)
 683: 3 20 600 - (85) (710) (2075)
 684: 4 7 581 - (67) (97) (268)
 685: 18 792 - (82) (536)
 686: 5 154 35420 - (10) (20) (73)
 687: 3 66 - (34) (2343)
 688: 2 5 80 - (208) (356) (488)
 689: 6 38 5016 - (29) (97) (517)
 690: 7 140 - (52) (110)
 691: 3 7 189 - (29) (39) (207)
 692: 2 3 24 - (29) (29) (148)
 693: 10 16 1840 - (79) (148) (1702)
 694: 2 18 630 - (34) (155) (301)
 695: 3 8 96 - (52) (976) (1168)
 696: 5 770 - (187) (511)
 697: 2 3 84 - (34) (402) (1106)
 698: 3 10 240 - (56) (146) (488)
 699: 6 32 - (13) (352)
 700: 4 300 - (7) (175)
 701: 4 24 - (136) (188)
 702: 2 12 252 - (73) (171) (291)
 703: 3 12 - (51) (284)
 704: 3 10 240 - (152) (194) (488)
 705: 2 3 9 - (111) (194) (219)
 706: 2 14 98 - (26) (59) (71)
 707: 2 3 60 - (65) (89) (292)
 708: 16 624 - (134) (267)
 709: 2 8 1176 - (399) (497) (539)
 710: 2 4 38 - (13) (188) (418)
 711: 4 20 270 - (59) (97) (351)
 712: 2 6 84 - (82) (118) (371)
 713: 3 24 - (82) (164)
 714: 3 8 - (28) (219)
 715: 3 8 33 - (7) (12) (319)
 716: 7 62 9548 - (3) (5) (116)
 717: 4 16 - (10) (29)
 718: 10 16 - (208) (296)
 719: 2 44 - (12) (374)
 720: 2 35 - (77) (94)
 721: 4 102 - (61) (4828)
 722: 4 5 4020 - (13) (47) (3417)
 723: 2 15 1785 - (37) (94) (527)
 724: 2 8 68 - (51) (73) (124)
 725: 2 44 - (73) (946)
 726: 2 8 14 - (37) (73) (329)
 727: 2 156 - (244) (438)
 728: 6 84 - (158) (497)
 729: 5 25 2600 - (41) (56) (68)
 730: 5 26 5720 - (158) (374) (536)
 731: 2 44 1452 - (53) (213) (7139)
 732: 2 15 270 - (67) (90) (117)
 733: 6 43 12900 - (122) (365) (2150)
 734: 2 4 58 - (17) (28) (34)
 735: 7 134 143514 - (13) (129) (171)
 736: 3 90 - (41) (2385)
 737: 2 12 240 - (6) (184) (1552)
 738: 4 5 - (316) (395)
 739: 2 3 12 - (68) (97) (122)
 740: 2 7 140 - (82) (172) (194)
 741: 2 27 2160 - (6) (7) (940)
 742: 2 6 78 - (83) (97) (426)
 743: 4 21 2184 - (17) (178) (598)
 744: 2 15 300 - (145) (205) (580)
 745: 4 14 252 - (82) (249) (6111)
 746: 2 5 90 - (61) (267) (369)
 747: 6 60 - (102) (115)
 748: 3 21 665 - (17) (67) (915)
 749: 2 64 - (68) (1168)
 750: 4 16 - (13) (166)
 751: 3 8 60 - (22) (35) (332)
 752: 3 24 - (68) (332)
 753: 6 34 23664 - (11) (62) (2291)
 754: 39 4524 - (134) (164)
 755: 6 48 - (106) (194)
 756: 2 6 42 - (53) (58) (777)
 757: 2 12 - (102) (316)
 758: 2 3 198 - (23) (153) (267)
 759: 14 231 - (77) (106)
 760: 4 100 - (75) (146)
 761: 5 25 1350 - (207) (531) (783)
 762: 32 2272 - (83) (2698)
 763: 3 7 189 - (23) (53) (873)
 764: 3 10 18 - (83) (639) (1185)
 765: 2 8 128 - (24) (976) (1888)
 766: 6 48 - (86) (92)
 767: 12 180 - (17) (531)
 768: 14 378 - (5) (249)
 769: 2 4 5 - (22) (124) (415)
 770: 11 186 92070 - (6) (59) (621)
 771: 6 63 6552 - (74) (364) (712)
 772: 7 189 - (53) (83)
 773: 2 8 72 - (29) (39) (1278)
 774: 3 19 2508 - (14) (14) (188)
 775: 2 51 - (26) (219)
 776: 4 24 336 - (34) (376) (1328)
 777: 4 228 - (46) (159)
 778: 5 34 4590 - (41) (183) (621)
 779: 2 54 - (93) (603)
 780: 2 3 9 - (17) (73) (134)
 781: 12 13 - (30) (442)
 782: 4 108 - (67) (333)
 783: 3 22 1430 - (17) (71) (165)
 784: 2 4 180 - (18) (21) (57)
 785: 2 58 6670 - (11) (79) (430)
 786: 6 32 - (237) (488)
 787: 3 18 - (39) (282)
 788: 6 64 7104 - (46) (292) (2701)
 789: 3 30 - (178) (415)
 790: 4 20 270 - (17) (57) (1971)
 791: 6 48 - (146) (148)
 792: 2 5 45 - (123) (366) (423)
 793: 9 288 - (992) (1464)
 794: 4 34 - (7) (52)
 795: 2 16 - (43) (56)
 796: 2 68 - (38) (1207)
 797: 4 16 - (40) (59)
 798: 2 5 45 - (37) (41) (318)
 799: 7 145 210105 - (18) (37) (89)
 800: 2 26 117 - (53) (57) (63)
 801: 3 12 - (29) (292)
 802: 2 9 - (118) (639)
 803: 3 9 126 - (58) (97) (427)
 804: 3 8 72 - (37) (146) (332)
 805: 7 271 220052 - (26) (62) (145)
 806: 7 410 335790 - (97) (141) (793)
 807: 3 14 378 - (31) (603) (873)
 808: 2 3 48 - (59) (632) (1164)
 809: 2 7 140 - (11) (122) (164)
 810: 2 4 7 - (6) (20) (134)
 811: 7 140 - (59) (164)
 812: 4 18 - (234) (236)
 813: 3 24 - (73) (172)
 814: 2 12 - (89) (111)
 815: 2 3 24 - (7) (79) (82)
 816: 8 9 - (636) (1128)
 817: 3 204 - (122) (986)
 818: 2 3 24 - (118) (118) (146)
 819: 2 4 18 - (79) (246) (1602)
 820: 2 3 60 - (14) (22) (164)
 821: 7 62 9548 - (31) (34) (268)
 822: 2 27 - (30) (333)
 823: 3 9 126 - (10) (67) (111)
 824: 2 3 8 - (5) (111) (178)
 825: 2 24 - (23) (282)
 826: 20 480 - (592) (1376)
 827: 4 24 - (89) (568)
 828: 3 9 990 - (73) (305) (979)
 829: 2 138 28428 - (12) (14) (62)
 830: 2 6 156 - (19) (172) (1079)
 831: 2 3 60 - (43) (166) (970)
 832: 12 168 - (97) (1358)
 833: 6 14 294 - (62) (83) (201)
 834: 3 276 - (28) (106)
 835: 2 3 8 - (10) (30) (86)
 836: 3 8 60 - (76) (332) (830)
 837: 2 92 - (34) (506)
 838: 5 8 - (53) (445)
 839: 3 20 924 - (83) (415) (6083)
 840: 7 189 - (43) (801)
 841: 12 100 - (53) (1245)
 842: 7 50 9450 - (59) (465) (783)
 843: 4 5 170 - (7) (73) (986)
 844: 2 126 - (71) (987)
 845: 4 14 - (62) (76)
 846: 3 30 4620 - (106) (161) (2332)
 847: 2 3 12 - (52) (58) (66)
 848: 2 3 12 - (5) (53) (246)
 849: 7 84 - (66) (371)
 850: 17 658 648788 - (122) (122) (2291)
 851: 2 4 50 - (68) (590) (3050)
 852: 2 3 24 - (31) (68) (212)
 853: 3 14 378 - (2) (19) (603)
 854: 2 4 24 - (19) (56) (148)
 855: 3 18 495 - (43) (71) (1045)
 856: 3 32 2016 - (41) (213) (259)
 857: 3 10 - (69) (590)
 858: 5 30 - (194) (485)
 859: 6 70 75 - (71) (79) (275)
 860: 12 69 - (292) (391)
 861: 2 36 - (51) (873)
 862: 3 8 600 - (115) (158) (235)
 863: 2 144 - (51) (1476)
 864: 2 36 774 - (73) (106) (3139)
 865: 9 114 37791 - (11) (158) (689)
 866: 2 3 8 - (92) (97) (177)
 867: 2 4 33 - (17) (39) (292)
 868: 2 12 228 - (5) (14) (129)
 869: 2 6 516 - (118) (142) (989)
 870: 2 4 14 - (26) (47) (259)
 871: 2 15 460 - (43) (172) (498)
 872: 2 7 189 - (19) (22) (59)
 873: 2 3 60 - (46) (71) (395)
 874: 10 140 - (74) (268)
 875: 3 10 240 - (37) (62) (664)
 876: 3 13 1170 - (195) (213) (369)
 877: 2 5 39 - (83) (134) (273)
 878: 2 5 54 - (19) (783) (3735)
 879: 2 3 105 - (11) (85) (329)
 880: 2 3 12 - (17) (21) (92)
 881: 8 104 - (67) (1157)
 882: 9 126 - (22) (413)
 883: 8 64 - (41) (188)
 884: 3 24 - (5) (116)
 885: 4 15 260 - (67) (87) (494)
 886: 2 24 - (29) (516)
 887: 4 20 630 - (5) (369) (553)
 888: 2 3 25 - (61) (285) (410)
 889: 14 280 - (190) (536)
 890: 6 552 - (68) (88)
 891: 3 40 2760 - (19) (68) (86)
 892: 4 22 1188 - (111) (219) (261)
 893: 3 89 39516 - (23) (41) (116)
 894: 2 5 60 - (41) (388) (555)
 895: 2 7 336 - (87) (284) (592)
 896: 2 12 294 - (42) (86) (172)
 897: 6 50 525 - (83) (1175) (2765)
 898: 5 102 13770 - (23) (387) (603)
 899: 4 43 12900 - (118) (395) (435)
 900: 2 8 216 - (45) (71) (73)
 901: 2 8 216 - (51) (63) (63)
 902: 3 32 2016 - (5) (79) (105)
 903: 3 9 126 - (23) (78) (119)
 904: 2 24 1800 - (90) (177) (1275)
 905: 3 10 240 - (24) (166) (664)
 906: 3 60 - (76) (430)
 907: 20 554 459820 - (23) (29) (19505)
 908: 2 24 - (37) (328)
 909: 2 6 78 - (71) (237) (1261)
 910: 2 11 594 - (6) (21) (747)
 911: 14 215 138460 - (22) (122) (3082)
 912: 5 34 1700 - (61) (1550) (1660)
 913: 2 14 378 - (117) (423) (999)
 914: 2 10 105 - (23) (59) (903)
 915: 42 2898 - (111) (261)
 916: 3 36 - (44) (66)
 917: 3 8 600 - (85) (325) (890)
 918: 3 24 - (89) (164)
 919: 2 7 1120 - (14) (146) (2656)
 920: 2 8 - (41) (86)
 921: 2 6 135 - (89) (549) (4365)
 922: 10 25 - (65) (122)
 923: 2 14 280 - (268) (332) (1060)
 924: 2 6 42 - (17) (118) (1533)
 925: 2 20 - (71) (370)
 926: 9 1044 - (13) (1537)
 927: 2 40 6360 - (46) (97) (2173)
 928: 2 54 - (15) (183)
 929: 7 532 - (67) (388)
 930: 5 1520 - (79) (9272)
 931: 2 7 630 - (33) (61) (85)
 932: 2 3 9 - (219) (249) (477)
 933: 2 8 - (41) (47)
 934: 5 9 - (129) (1455)
 935: 2 4 18 - (207) (219) (804)
 936: 3 24 92 - (26) (104) (166)
 937: 3 8 72 - (10) (31) (387)
 938: 3 49 - (183) (371)
 939: 2 6 16 - (112) (246) (292)
 940: 2 5 150 - (30) (415) (485)
 941: 3 12 - (17) (212)
 942: 3 60 - (134) (290)
 943: 3 18 3870 - (53) (73) (12513)
 944: 2 7 140 - (116) (146) (158)
 945: 2 3 90 - (21) (201) (423)
 946: 4 24 - (20) (1164)
 947: 4 26 468 - (2) (237) (2379)
 948: 4 21 - (23) (2492)
 949: 3 8 456 - (97) (106) (124)
 950: 3 45 - (47) (657)
 951: 2 6 78 - (83) (291) (1157)
 952: 2 3 9 - (93) (99) (318)
 953: 4 38 - (89) (3002)
 954: 3 63 - (93) (1743)
 955: 2 8 72 - (20) (66) (159)
 956: 2 6 120 - (59) (92) (296)
 957: 2 3 24 - (142) (148) (388)
 958: 6 33 2508 - (94) (388) (494)
 959: 32 2016 - (183) (1407)
 960: 6 54 - (17) (73)
 961: 4 30 - (83) (740)
 962: 2 14 26 - (89) (94) (329)
 963: 2 450 - (295) (2115)
 964: 2 13 325 - (37) (86) (2425)
 965: 3 8 276 - (14) (188) (328)
 966: 2 4 22 - (10) (20) (58)
 967: 6 23 - (123) (713)
 968: 13 301 633906 - (42) (45) (1809)
 969: 5 60 980 - (41) (73) (1113)
 970: 2 3 528 - (71) (106) (308)
 971: 3 50 4950 - (89) (111) (319)
 972: 2 9 180 - (82) (156) (830)
 973: 4 72 - (142) (657)
 974: 42 5250 - (185) (1325)
 975: 8 32 - (41) (848)
 976: 3 7 189 - (71) (129) (237)
 977: 2 6 34 - (89) (219) (1411)
 978: 3 10 240 - (37) (158) (166)
 979: 13 1170 - (71) (315)
 980: 12 144 - (492) (2832)
 981: 2 32 6624 - (47) (219) (261)
 982: 3 56 - (372) (1162)
 983: 18 468 - (76) (923)
 984: 3 8 168 - (34) (94) (413)
 985: 2 8 14 - (83) (581) (776)
 986: 2 4 368 - (86) (536) (976)
 987: 10 240 - (13) (1752)
 988: 3 10 1050 - (119) (215) (265)
 989: 4 22 - (122) (236)
 990: 2 21 672 - (80) (1624) (3104)
 991: 4 80 7920 - (6) (279) (803)
 992: 5 25 5100 - (89) (438) (3026)
 993: 3 11 1683 - (2) (5) (1207)
 994: 25 1725 - (237) (265)
 995: 2 4 26 - (67) (122) (164)
 996: 2 12 - (97) (123)
 997: 3 95 17955 - (83) (237) (513)
 998: 3 8 96 - (11) (118) (268)
 999: 2 4 24 - (73) (118) (232)
1000: 3 75 9300 - (89) (142) (403)
1001: 3 8 600 - (41) (485) (725)
1002: 25 4350 - (74) (1537)
1003: 5 120 - (292) (492)
1004: 2 3 168 - (86) (104) (212)
1005: 2 15 1470 - (91) (371) (3577)
1006: 2 6 48 - (82) (212) (424)
1007: 2 8 - (31) (37)
1008: 5 53 5565 - (41) (65) (161)
1009: 15 19 - (53) (1245)
1010: 2 4 29 - (23) (146) (148)
1011: 2 44 - (134) (332)
1012: 5 40 1640 - (13) (118) (4838)
1013: 11 352 - (122) (166)
1014: 2 3 210 - (71) (291) (497)
1015: 6 48 - (62) (172)
1016: 2 7 84 - (70) (74) (996)
1017: 2 16 - (88) (148)
1018: 2 8 168 - (134) (177) (994)
1019: 4 14 - (31) (826)
1020: 8 30 4020 - (14) (34) (472)
1021: 2 3 12 - (61) (164) (186)
1022: 2 4 160 - (188) (272) (544)
1023: 3 7 189 - (219) (279) (657)
1024: 5 9 345 - (21) (37) (477)
1025: 3 22 - (79) (374)
1026: 2 6 48 - (19) (34) (86)
1027: 2 10 120 - (82) (276) (430)
1028: 4 7 49 - (146) (812) (1246)
1029: 4 108 - (333) (369)
1030: 2 3 12 - (51) (53) (82)
1031: 2 4 60 - (31) (59) (1005)
1032: 2 5 40 - (37) (215) (292)
1033: 4 28 2079 - (21) (171) (189)
1034: 2 8 - (26) (122)
1035: 12 150 - (340) (1775)
1036: 3 75 - (1095) (2425)
1037: 12 156 - (46) (273)
1038: 4 16 464 - (19) (152) (268)
1039: 2 60 - (188) (213)
1040: 2 12 - (68) (71)
1041: 7 924 - (76) (534)
1042: 5 30 85 - (19) (71) (222)
1043: 3 9 990 - (67) (205) (1562)
1044: 2 4 108 - (13) (142) (621)
1045: 2 3 24 - (5) (13) (38)
1046: 2 3 96 - (89) (178) (296)
1047: 3 18 819 - (67) (118) (377)
1048: 4 22 1188 - (2) (33) (201)
1049: 2 5 90 - (51) (87) (279)
1050: 4 30 660 - (41) (355) (913)
1051: 7 50 9450 - (57) (141) (1431)
1052: 2 4 56 - (82) (172) (584)
1053: 2 14 147 - (17) (77) (183)
1054: 2 6 210 - (43) (119) (305)
1055: 2 8 96 - (52) (212) (426)
1056: 4 108 - (18) (657)
1057: 3 8 36 - (79) (106) (312)
1058: 11 1683 - (19) (45)
1059: 15 735 - (201) (203)
1060: 4 22 - (12) (53)
1061: 5 8 - (85) (146)
1062: 2 8 - (58) (74)
1063: 2 5 820 - (37) (146) (1886)
1064: 2 3 144 - (792) (1392) (2136)
1065: 2 4 220 - (53) (62) (143)
1066: 2 14 378 - (42) (177) (1917)
1067: 4 132 - (143) (194)
1068: 3 10 - (83) (590)
1069: 2 20 420 - (43) (329) (465)
1070: 2 3 12 - (53) (57) (332)
1071: 27 2646 - (679) (4263)
1072: 4 20 480 - (13) (388) (3104)
1073: 6 41 8364 - (11) (12) (1241)
1074: 3 19 2508 - (38) (118) (244)
1075: 8 72 - (204) (246)
1076: 10 102 22440 - (34) (58) (408)
1077: 2 8 - (12) (19)
1078: 2 3 12 - (53) (114) (118)
1079: 2 5 270 - (53) (57) (267)
1080: 4 48 - (592) (632)
1081: 2 6 63 - (71) (83) (1407)
1082: 2 8 - (43) (92)
1083: 2 3 9 - (30) (37) (267)
1084: 6 51 - (123) (134)
1085: 2 12 - (58) (148)
1086: 2 3 8 - (44) (118) (474)
1087: 2 5 270 - (47) (67) (159)
1088: 6 108 13500 - (43) (95) (325)
1089: 2 4 7 - (34) (79) (148)
1090: 10 18 - (17) (95)
1091: 8 395 218040 - (29) (31) (1265)
1092: 5 38 2850 - (97) (305) (1525)
1093: 4 16 88 - (34) (97) (1958)
1094: 2 4 40 - (34) (92) (472)
1095: 3 40 - (59) (1272)
1096: 2 11 352 - (14) (38) (122)
1097: 2 40 - (34) (328)
1098: 4 32 - (178) (332)
1099: 2 54 - (79) (97)
1100: 3 7 924 - (12) (37) (67)
1101: 7 112 - (164) (944)
1102: 2 3 105 - (6) (161) (415)
1103: 10 18 - (279) (1095)
1104: 2 15 300 - (62) (116) (235)
1105: 8 63 6552 - (19) (178) (429)
1106: 2 8 - (13) (20)
1107: 21 1155 - (395) (517)
1108: 4 18 360 - (185) (776) (996)
1109: 5 120 - (89) (712)
1110: 4 14 140 - (83) (110) (161)
1111: 3 24 - (29) (47)
1112: 3 8 168 - (68) (82) (119)
1113: 32 2016 - (159) (801)
1114: 2 96 - (69) (1136)
1115: 2 11 594 - (47) (183) (423)
1116: 3 24 - (19) (34)
1117: 5 270 - (142) (873)
1118: 5 30 - (445) (582)
1119: 4 26 - (61) (286)
1120: 4 16 - (152) (284)
1121: 3 10 18 - (13) (13) (265)
1122: 6 38 5016 - (17) (104) (3476)
1123: 2 6 168 - (136) (158) (3612)
1124: 2 42 5250 - (74) (215) (1775)
1125: 2 20 780 - (17) (146) (559)
1126: 3 27 - (37) (531)
1127: 5 30 - (89) (555)
1128: 12 150 - (130) (2075)
1129: 2 56 - (292) (1484)
1130: 3 60 - (83) (236)
1131: 8 126 23688 - (7) (62) (517)
1132: 4 38 6460 - (31) (146) (1513)
1133: 2 5 8 - (34) (115) (178)
1134: 2 6 36 - (15) (76) (438)
1135: 3 14 150 - (43) (415) (1175)
1136: 3 7 630 - (66) (83) (305)
1137: 3 10 - (73) (370)
1138: 6 36 3096 - (11) (52) (1978)
1139: 32 2016 - (73) (333)
1140: 5 45 1008 - (58) (59) (70)
1141: 3 45 - (333) (1065)
1142: 2 36 - (282) (801)
1143: 2 15 - (17) (915)
1144: 24 312 - (58) (276)
1145: 2 6 105 - (31) (83) (1743)
1146: 6 70 12180 - (23) (52) (122)
1147: 3 10 240 - (73) (134) (212)
1148: 2 32 - (17) (67)
1149: 4 28 952 - (24) (94) (164)
1150: 3 11 165 - (61) (123) (671)
1151: 3 150 - (73) (1525)
1152: 3 12 - (178) (249)
1153: 2 8 104 - (47) (86) (143)
1154: 2 14 280 - (140) (194) (296)
1155: 8 280 - (37) (595)
1156: 9 105 2394 - (59) (146) (1121)
1157: 8 180 - (316) (1656)
1158: 3 10 - (87) (290)
1159: 4 40 - (31) (170)
1160: 2 4 108 - (174) (249) (477)
1161: 5 56 10920 - (82) (183) (403)
1162: 2 12 300 - (57) (71) (365)
1163: 2 64 - (13) (356)
1164: 2 5 25 - (59) (130) (485)
1165: 3 27 - (39) (747)
1166: 3 24 - (31) (86)
1167: 4 18 - (14) (711)
1168: 3 30 - (38) (345)
1169: 5 8 220 - (34) (341) (424)
1170: 17 2584 - (53) (2774)
1171: 3 18 - (69) (279)
1172: 2 34 1989 - (6) (153) (1157)
1173: 2 6 48 - (68) (88) (184)
1174: 3 15 510 - (31) (43) (1462)
1175: 2 12 - (7) (388)
1176: 4 15 220 - (61) (291) (3245)
1177: 8 32 - (104) (296)
1178: 4 5 50 - (34) (37) (356)
1179: 3 7 140 - (69) (134) (172)
1180: 2 4 22 - (97) (122) (316)
1181: 4 5 - (6) (185)
1182: 4 5 22 - (316) (485) (583)
1183: 6 40 - (104) (155)
1184: 3 23 8970 - (37) (97) (5135)
1185: 2 3 20 - (61) (82) (1164)
1186: 2 4 34 - (118) (142) (2006)
1187: 3 45 - (6) (445)
1188: 2 9 180 - (79) (236) (366)
1189: 2 3 9 - (19) (83) (174)
1190: 4 36 - (15) (117)
1191: 2 6 84 - (42) (43) (89)
1192: 3 72 - (44) (984)
1193: 2 10 690 - (178) (249) (851)
1194: 2 3 24 - (41) (47) (71)
1195: 2 6 54 - (246) (291) (2403)
1196: 10 16 - (164) (208)
1197: 3 204 - (158) (374)
1198: 2 3 132 - (31) (68) (94)
1199: 4 28 1540 - (41) (67) (4345)
1200: 2 5 420 - (10) (52) (1113)
1201: 3 8 60 - (67) (94) (232)
1202: 5 75 - (73) (1075)
1203: 25 850 - (71) (1054)
1204: 2 3 20 - (46) (132) (265)
1205: 2 3 108 - (118) (332) (3618)
1206: 2 3 72 - (284) (732) (1464)
1207: 2 4 40 - (43) (61) (890)
1208: 4 17 - (28) (142)
1209: 2 4 40 - (7) (212) (328)
1210: 3 75 - (295) (775)
1211: 12 180 - (255) (873)
1212: 7 63 - (67) (423)
1213: 3 60 - (236) (335)
1214: 2 75 - (178) (5475)
1215: 2 30 3120 - (41) (268) (2314)
1216: 7 140 - (23) (52)
1217: 2 20 1480 - (3) (53) (104)
1218: 2 3 24 - (31) (53) (83)
1219: 3 10 840 - (141) (244) (344)
1220: 2 3 130 - (69) (83) (365)
1221: 3 8 168 - (13) (92) (134)
1222: 2 18 23 - (11) (53) (2231)
1223: 2 14 868 - (11) (86) (388)
1224: 2 4 22 - (122) (187) (332)
1225: 7 105 - (159) (511)
1226: 2 3 12 - (37) (114) (388)
1227: 15 66 - (30) (89)
1228: 2 14 280 - (76) (122) (472)
1229: 6 48 - (89) (472)
1230: 4 24 - (20) (42)
1231: 4 24 - (44) (232)
1232: 4 24 600 - (37) (237) (485)
1233: 2 5 120 - (134) (136) (284)
1234: 3 7 924 - (110) (142) (178)
1235: 4 22 1188 - (18) (237) (657)
1236: 2 9 396 - (118) (332) (682)
1237: 5 56 10920 - (86) (97) (237)
1238: 3 24 - (53) (76)
1239: 2 4 14 - (34) (34) (469)
1240: 2 10 240 - (44) (80) (472)
1241: 2 7 20 - (41) (65) (868)
1242: 2 14 672 - (28) (40) (2144)
1243: 2 10 140 - (47) (53) (92)
1244: 7 189 - (29) (45)
1245: 3 18 576 - (61) (142) (268)
1246: 2 5 220 - (17) (79) (212)
1247: 5 495 - (31) (2607)
1248: 6 516 - (194) (7138)
1249: 5 14 22820 - (7) (59) (15322)
1250: 15 660 - (59) (332)
1251: 2 28 - (26) (164)
1252: 2 10 390 - (42) (83) (923)
1253: 2 3 24 - (47) (47) (62)
1254: 2 8 216 - (201) (291) (657)
1255: 2 32 1760 - (7) (97) (2365)
1256: 2 12 - (38) (292)
1257: 4 612 - (387) (2397)
1258: 3 8 36 - (71) (1032) (1278)
1259: 3 35 1680 - (48) (62) (235)
1260: 3 240 - (790) (1424)
1261: 3 9 39 - (67) (143) (531)
1262: 2 3 276 - (61) (164) (1702)
1263: 2 6 16 - (146) (248) (272)
1264: 2 4 26 - (94) (182) (212)
1265: 11 1078 - (26) (553)
1266: 4 7 196 - (301) (469) (1127)
1267: 5 25 1350 - (111) (267) (402)
1268: 6 54 - (29) (183)
1269: 2 12 - (26) (69)
1270: 2 7 630 - (11) (89) (711)
1271: 3 26 6396 - (5) (68) (97)
1272: 2 3 93 - (43) (177) (217)
1273: 2 8 64 - (6) (544) (736)
1274: 2 32 - (14) (1168)
1275: 2 3 16 - (53) (80) (536)
1276: 2 12 38 - (89) (194) (4047)
1277: 10 184 50600 - (47) (335) (5335)
1278: 23 1035 - (89) (99)
1279: 6 54 - (93) (267)
1280: 2 11 594 - (201) (477) (639)
1281: 20 980 - (29) (1519)
1282: 3 7 189 - (37) (67) (99)
1283: 2 4 15 - (47) (67) (795)
1284: 4 20 455 - (71) (94) (6643)
1285: 8 14 - (24) (47)
1286: 2 3 8 - (47) (68) (424)
1287: 2 5 40 - (47) (59) (776)
1288: 13 258 110682 - (41) (111) (603)
1289: 3 8 72 - (38) (44) (59)
1290: 2 9 288 - (31) (536) (744)
1291: 5 14 98 - (15) (217) (413)
1292: 7 88 28952 - (37) (61) (244)
1293: 2 14 525 - (17) (201) (295)
1294: 2 3 12 - (44) (69) (71)
1295: 10 107 34240 - (19) (76) (416)
1296: 10 16 1840 - (67) (94) (943)
1297: 3 32 2016 - (57) (71) (861)
1298: 18 2250 - (97) (395)
1299: 4 5 - (15) (26)
1300: 2 60 3990 - (61) (212) (1786)
1301: 4 16 1456 - (43) (133) (689)
1302: 2 6 660 - (244) (671) (790)
1303: 3 66 - (122) (1067)
1304: 5 9 - (97) (549)
1305: 2 10 140 - (71) (146) (1246)
1306: 2 40 - (73) (248)
1307: 2 8 120 - (22) (249) (445)
1308: 2 5 90 - (23) (141) (155)
1309: 17 850 - (23) (970)
1310: 20 200 - (89) (300)
1311: 2 8 - (10) (11)
1312: 3 55 - (57) (415)
1313: 21 616 - (61) (408)
1314: 6 32 - (142) (318)
1315: 2 21 - (174) (217)
1316: 2 3 16 - (172) (276) (1168)
1317: 10 240 - (83) (123)
1318: 2 4 42 - (10) (58) (132)
1319: 5 35 630 - (39) (222) (1407)
1320: 2 3 12 - (10) (19) (92)
1321: 6 32 1248 - (86) (292) (1066)
1322: 2 8 104 - (23) (73) (1157)
1323: 2 4 16 - (12) (22) (166)
1324: 3 20 - (92) (2010)
1325: 3 12 - (61) (212)
1326: 3 19 2508 - (73) (82) (671)
1327: 3 12 - (178) (268)
1328: 5 57 9690 - (59) (187) (430)
1329: 8 32 - (7) (592)
1330: 4 5 - (47) (76)
1331: 2 14 378 - (135) (186) (603)
1332: 2 32 - (94) (592)
1333: 2 4 42 - (19) (59) (348)
1334: 3 9 126 - (29) (119) (141)
1335: 2 10 51 - (61) (87) (295)
1336: 2 15 - (31) (285)
1337: 2 15 300 - (292) (890) (1975)
1338: 2 9 - (37) (549)
1339: 2 4 16 - (142) (236) (268)
1340: 2 32 - (40) (1424)
1341: 3 75 9300 - (38) (82) (148)
1342: 6 120 - (118) (1060)
1343: 2 5 45 - (7) (213) (246)
1344: 20 204 - (1185) (1241)
1345: 2 4 24 - (11) (30) (56)
1346: 3 23 1035 - (51) (69) (235)
1347: 4 26 - (61) (1534)
1348: 2 27 126 - (37) (259) (783)
1349: 2 4 136 - (12) (472) (4012)
1350: 2 9 270 - (61) (477) (783)
1351: 2 3 54 - (237) (603) (711)
1352: 2 7 126 - (23) (41) (1281)
1353: 3 10 240 - (106) (136) (536)
1354: 2 6 48 - (83) (86) (212)
1355: 2 12 - (62) (186)
1356: 2 14 280 - (38) (46) (110)
1357: 2 8 72 - (15) (20) (42)
1358: 4 80 - (89) (430)
1359: 2 4 30 - (43) (122) (1660)
1360: 3 12 - (67) (236)
1361: 2 55 - (194) (253)
1362: 2 4 14 - (47) (62) (68)
1363: 12 69 - (58) (212)
1364: 2 3 12 - (23) (58) (148)
1365: 2 4 5 - (46) (68) (134)
1366: 6 48 - (61) (332)
1367: 18 342 - (423) (1767)
1368: 5 110 - (106) (803)
1369: 2 5 120 - (116) (246) (388)
1370: 7 74 10878 - (53) (287) (3283)
1371: 2 4 5 - (62) (118) (415)
1372: 8 60 4440 - (43) (58) (222)
1373: 2 3 384 - (68) (736) (776)
1374: 2 3 24 - (5) (116) (164)
1375: 4 16 - (40) (284)
1376: 3 21 1596 - (67) (284) (3382)
1377: 8 80 15120 - (33) (87) (987)
1378: 2 8 - (76) (178)
1379: 3 24 - (89) (164)
1380: 2 24 744 - (71) (78) (2449)
1381: 6 162 - (18) (1809)
1382: 3 7 140 - (11) (138) (332)
1383: 7 140 - (26) (244)
1384: 4 26 2340 - (18) (65) (73)
1385: 2 12 252 - (15) (35) (873)
1386: 2 10 100 - (365) (388) (415)
1387: 3 12 - (22) (28)
1388: 3 12 147 - (47) (74) (148)
1389: 2 7 50 - (55) (335) (2065)
1390: 2 6 14 - (33) (58) (67)
1391: 2 9 114 - (51) (639) (741)
1392: 3 14 150 - (21) (29) (265)
1393: 6 48 - (58) (74)
1394: 2 3 12 - (23) (37) (267)
1395: 3 85 15810 - (13) (83) (190)
1396: 3 24 344 - (29) (47) (3182)
1397: 3 26 - (7) (438)
1398: 7 140 - (71) (530)
1399: 2 3 60 - (26) (74) (388)
1400: 2 10 140 - (52) (83) (469)
1401: 2 14 770 - (3) (95) (451)
1402: 14 378 - (33) (249)
1403: 2 9 34 - (53) (183) (279)
1404: 10 18 - (30) (111)
1405: 2 3 24 - (38) (142) (356)
1406: 4 120 - (11) (1608)
1407: 2 10 140 - (83) (89) (434)
1408: 3 7 924 - (76) (94) (146)
1409: 3 7 924 - (86) (94) (583)
1410: 27 5076 - (73) (316)
1411: 2 9 720 - (71) (976) (3560)
1412: 13 1170 - (142) (279)
1413: 3 8 30 - (57) (73) (3560)
1414: 18 468 - (143) (166)
1415: 2 3 168 - (11) (664) (679)
1416: 4 51 4284 - (2) (159) (651)
1417: 4 180 - (141) (342)
1418: 3 16 1008 - (19) (291) (531)
1419: 9 90 - (7) (1422)
1420: 4 30 1320 - (3) (374) (488)
1421: 2 8 232 - (37) (158) (1189)
1422: 2 3 9 - (39) (39) (222)
1423: 4 5 320 - (134) (160) (352)
1424: 3 14 - (47) (246)
1425: 2 4 16 - (46) (236) (632)
1426: 3 24 - (10) (388)
1427: 14 378 - (7) (93)
1428: 6 111 14948 - (67) (166) (2626)
1429: 2 30 1170 - (438) (747) (3783)
1430: 2 11 1804 - (17) (19) (2501)
1431: 2 6 36 - (129) (228) (954)
1432: 3 32 1248 - (58) (236) (299)
1433: 7 140 - (268) (610)
1434: 5 306 327420 - (3) (58) (316)
1435: 5 32 - (3) (2848)
1436: 2 20 220 - (29) (83) (1958)
1437: 2 18 846 - (10) (97) (6063)
1438: 2 11 352 - (19) (112) (304)
1439: 2 8 72 - (17) (142) (873)
1440: 3 22 - (267) (1034)
1441: 2 12 420 - (3) (23) (826)
1442: 2 4 24 - (11) (46) (582)
1443: 2 18 1116 - (166) (178) (589)
1444: 10 196 86240 - (43) (43) (517)
1445: 2 3 24 - (26) (44) (284)
1446: 2 8 216 - (17) (17) (477)
1447: 2 13 2184 - (19) (141) (776)
1448: 15 368 270480 - (11) (43) (2555)
1449: 4 5 370 - (7) (53) (188)
1450: 6 16 - (118) (129)
1451: 4 100 - (230) (475)
1452: 4 33 - (76) (267)
1453: 9 137 93708 - (53) (172) (1349)
1454: 4 30 - (68) (114)
1455: 3 12 - (78) (79)
1456: 6 48 - (136) (188)
1457: 2 11 352 - (12) (80) (142)
1458: 5 30 - (141) (790)
1459: 2 14 280 - (34) (68) (485)
1460: 2 5 220 - (17) (73) (76)
1461: 3 276 - (11) (2806)
1462: 2 7 140 - (14) (23) (388)
1463: 4 16 2736 - (159) (639) (3306)
1464: 10 990 - (291) (423)
1465: 4 50 6200 - (94) (236) (310)
1466: 2 14 315 - (39) (203) (531)
1467: 2 88 - (172) (1276)
1468: 6 33 2508 - (67) (118) (874)
1469: 14 231 - (13) (1958)
1470: 5 28 180 - (93) (287) (2385)
1471: 5 90 10440 - (38) (158) (203)
1472: 2 8 120 - (73) (83) (534)
1473: 74 10878 - (89) (777)
1474: 3 12 180 - (255) (267) (279)
1475: 3 12 468 - (45) (83) (237)
1476: 2 20 480 - (47) (1164) (2656)
1477: 6 255 - (35) (1207)
1478: 2 7 140 - (47) (89) (116)
1479: 2 3 12 - (31) (66) (178)
1480: 3 153 - (7) (45)
1481: 3 12 - (34) (318)
1482: 31 2852 - (178) (284)
1483: 3 16 1008 - (15) (37) (329)
1484: 2 12 100 - (11) (205) (498)
1485: 2 15 - (51) (365)
1486: 2 3 48 - (38) (93) (304)
1487: 2 9 90 - (47) (53) (1455)
1488: 2 8 - (12) (188)
1489: 10 125 - (194) (8875)
1490: 3 12 - (172) (258)
1491: 4 21 1302 - (23) (94) (284)
1492: 6 84 - (268) (322)
1493: 2 15 - (213) (530)
1494: 2 3 36 - (111) (188) (534)
1495: 3 24 - (67) (106)
1496: 2 17 561 - (42) (53) (89)
1497: 5 30 - (74) (1005)
1498: 10 264 38940 - (31) (68) (5723)
1499: 3 35 - (73) (645)
1500: 5 32 1760 - (71) (92) (3355)
1501: 5 68 4845 - (13) (62) (3363)
1502: 3 10 1140 - (17) (34) (1178)
1503: 3 8 168 - (188) (194) (511)
1504: 3 14 672 - (61) (268) (488)
1505: 5 44 1045 - (29) (268) (1273)
1506: 5 383 292995 - (41) (267) (387)
1507: 3 24 34 - (194) (388) (488)
1508: 3 24 - (26) (38)
1509: 3 8 168 - (26) (172) (178)
1510: 3 20 240 - (244) (712) (1552)
1511: 4 55 - (188) (265)
1512: 3 10 - (19) (255)
1513: 2 116 - (47) (388)
1514: 11 836 - (178) (316)
1515: 3 12 - (166) (534)
1516: 2 8 120 - (61) (89) (114)
1517: 10 1340 - (13) (4154)
1518: 2 32 2016 - (47) (657) (1659)
1519: 2 3 12 - (46) (292) (366)
1520: 2 4 7 - (23) (92) (166)
1521: 3 14 - (62) (213)
1522: 3 8 88 - (17) (177) (209)
1523: 12 140 24360 - (11) (172) (248)
1524: 2 4 22 - (178) (236) (506)
1525: 3 90 - (138) (465)
1526: 5 120 - (424) (1164)
1527: 5 120 - (94) (129)
1528: 2 12 420 - (73) (85) (518)
1529: 2 6 40 - (106) (344) (732)
1530: 2 3 24 - (20) (26) (106)
1531: 2 18 114 - (79) (369) (646)
1532: 3 8 504 - (111) (123) (531)
1533: 2 11 352 - (61) (71) (236)
1534: 3 12 - (43) (249)
1535: 4 16 432 - (258) (801) (873)
1536: 2 6 45 - (31) (249) (333)
1537: 3 9 126 - (146) (267) (413)
1538: 2 26 988 - (23) (79) (874)
1539: 2 26 819 - (159) (159) (171)
1540: 2 8 - (20) (97)
1541: 2 10 125 - (71) (83) (1475)
1542: 13 258 110682 - (63) (159) (231)
1543: 3 24 - (44) (89)
1544: 2 5 40 - (23) (61) (712)
1545: 7 140 - (19) (95)
1546: 2 3 8 - (20) (23) (344)
1547: 2 16 - (236) (388)
1548: 2 5 135 - (153) (558) (1935)
1549: 3 8 504 - (2) (249) (1533)
1550: 2 3 24 - (37) (94) (316)
1551: 3 12 180 - (67) (155) (549)
1552: 2 30 495 - (29) (249) (1221)
1553: 6 48 - (20) (268)
1554: 10 25 - (115) (130)
1555: 2 3 24 - (23) (71) (356)
1556: 3 23 1035 - (17) (177) (1065)
1557: 4 120 - (244) (1140)
1558: 2 3 12 - (7) (76) (118)
1559: 2 6 84 - (52) (118) (602)
1560: 3 16 528 - (12) (20) (407)
1561: 3 15 260 - (74) (83) (332)
1562: 2 25 - (59) (610)
1563: 3 24 - (10) (268)
1564: 2 18 342 - (237) (477) (741)
1565: 2 16 - (236) (332)
1566: 9 126 - (41) (402)
1567: 5 120 - (42) (88)
1568: 3 24 - (74) (76)
1569: 2 12 64 - (388) (448) (1068)
1570: 3 12 468 - (29) (31) (153)
1571: 4 40 - (24) (106)
1572: 6 37 5439 - (17) (77) (322)
1573: 12 236 - (83) (318)
1574: 2 16 - (134) (328)
1575: 2 25 1350 - (30) (69) (1431)
1576: 2 3 63 - (41) (177) (774)
1577: 2 7 49 - (3) (13) (2891)
1578: 3 18 - (83) (122)
1579: 6 60 - (44) (2130)
1580: 6 48 - (152) (184)
1581: 70 8914 119180180 - (46) (142) (356)
1582: 2 3 210 - (291) (365) (553)
1583: 7 532 - (3) (92)
1584: 5 40 640 - (53) (424) (992)
1585: 5 50 - (41) (1825)
1586: 2 6 225 - (31) (33) (175)
1587: 2 5 270 - (29) (83) (159)
1588: 3 60 - (7) (370)
1589: 2 3 666 - (87) (141) (222)
1590: 3 19 1425 - (85) (295) (1335)
1591: 3 89 39516 - (97) (178) (1591)
1592: 4 5 - (7) (395)
1593: 2 4 104 - (94) (356) (376)
1594: 2 3 126 - (89) (91) (639)
1595: 12 72 - (41) (184)
1596: 3 147 - (497) (1869)
1597: 2 48 - (5) (112)
1598: 2 3 36 - (22) (106) (558)
1599: 2 4 60 - (67) (83) (915)
1600: 2 10 240 - (73) (134) (426)
1601: 3 7 189 - (11) (13) (261)
1602: 4 36 - (53) (369)
1603: 2 11 594 - (15) (39) (53)
1604: 2 25 - (89) (725)
1605: 2 9 - (201) (747)
1606: 2 3 21 - (41) (43) (318)
1607: 6 54 6264 - (40) (53) (61)
1608: 2 10 50 - (89) (115) (970)
1609: 2 16 - (166) (776)
1610: 4 56 - (23) (308)
1611: 2 15 - (38) (159)
1612: 2 9 315 - (61) (65) (142)
1613: 2 6 38 - (59) (69) (106)
1614: 2 12 38 - (148) (438) (1121)
1615: 3 10 240 - (20) (38) (73)
1616: 7 56 - (74) (152)
1617: 3 10 240 - (5) (6) (37)
1618: 2 4 60 - (26) (47) (183)
1619: 4 22 28 - (26) (73) (319)
1620: 2 16 - (316) (712)
1621: 3 24 - (38) (236)
1622: 2 6 36 - (19) (59) (1314)
1623: 2 12 264 - (40) (316) (1353)
1624: 11 352 - (37) (424)
1625: 2 46 3128 - (41) (164) (664)
1626: 2 3 276 - (71) (164) (1357)
1627: 17 1428 - (118) (644)
1628: 4 35 4620 - (7) (47) (1595)
1629: 6 36 - (116) (267)
1630: 2 6 120 - (14) (34) (155)
1631: 3 24 - (52) (194)
1632: 2 44 - (41) (148)
1633: 3 60 - (118) (295)
1634: 4 5 50 - (415) (775) (970)
1635: 2 7 189 - (57) (90) (123)
1636: 2 12 364 - (6) (97) (413)
1637: 2 25 - (26) (275)
1638: 3 24 - (43) (212)
1639: 2 3 27 - (61) (477) (1917)
1640: 6 75 - (194) (2425)
1641: 2 4 24 - (43) (172) (472)
1642: 3 12 180 - (13) (30) (51)
1643: 4 55 4180 - (3) (67) (370)
1644: 2 5 360 - (204) (1128) (2988)
1645: 8 81 58968 - (53) (178) (5551)
1646: 5 125 49875 - (15) (59) (1387)
1647: 6 33 5775 - (335) (469) (3550)
1648: 3 30 165 - (71) (83) (1045)
1649: 4 22 1188 - (39) (93) (141)
1650: 4 484 - (41) (1738)
1651: 5 54 4320 - (19) (172) (976)
1652: 4 36 - (63) (474)
1653: 2 16 - (122) (664)
1654: 3 7 140 - (26) (249) (730)
1655: 2 6 16 - (124) (488) (1068)
1656: 4 56 - (91) (232)
1657: 3 8 240 - (89) (166) (260)
1658: 4 24 - (43) (213)
1659: 4 39 1820 - (41) (91) (615)
1660: 3 13 325 - (2) (11) (50)
1661: 2 4 16 - (20) (53) (148)
1662: 8 280 - (134) (1645)
1663: 2 3 60 - (11) (13) (52)
1664: 2 4 24 - (56) (83) (122)
1665: 6 7 54 - (71) (987) (1917)
1666: 23 1035 - (237) (395)
1667: 2 3 60 - (61) (164) (290)
1668: 2 40 - (74) (184)
1669: 5 90 - (65) (426)
1670: 4 27 1188 - (17) (30) (79)
1671: 2 72 - (1068) (2328)
1672: 2 6 63 - (18) (33) (203)
1673: 2 5 120 - (124) (159) (584)
1674: 10 18 - (69) (153)
1675: 3 19 2508 - (47) (58) (116)
1676: 2 4 420 - (79) (183) (295)
1677: 3 12 - (10) (44)
1678: 2 4 140 - (85) (89) (1022)
1679: 10 107 34240 - (224) (688) (688)
1680: 3 20 420 - (31) (106) (203)
1681: 3 7 2688 - (83) (5312) (5696)
1682: 2 8 - (124) (388)
1683: 6 120 - (44) (664)
1684: 2 8 - (58) (388)
1685: 30 600 - (355) (550)
1686: 4 22 1188 - (23) (43) (93)
1687: 2 5 330 - (201) (395) (671)
1688: 2 3 24 - (12) (37) (71)
1689: 3 12 - (79) (249)
1690: 5 23 1035 - (2) (37) (711)
1691: 5 23 35420 - (26) (58) (572)
1692: 2 20 3780 - (801) (873) (1971)
1693: 3 11 594 - (13) (114) (183)
1694: 3 7 140 - (37) (158) (1220)
1695: 2 3 24 - (44) (86) (268)
1696: 2 3 24 - (12) (17) (67)
1697: 5 25 850 - (11) (146) (1241)
1698: 3 12 - (38) (116)
1699: 3 8 - (37) (282)
1700: 5 35 980 - (21) (356) (511)
1701: 2 4 106 - (14) (142) (901)
1702: 3 12 138 - (19) (28) (118)
1703: 5 770 - (62) (3157)
1704: 4 21 2184 - (22) (28) (1027)
1705: 6 16 496 - (7) (237) (1333)
1706: 4 16 - (3) (316)
1707: 3 13 1170 - (122) (159) (549)
1708: 8 64 - (92) (188)
1709: 2 9 34 - (89) (267) (1343)
1710: 3 204 - (51) (148)
1711: 14 672 - (232) (1888)
1712: 2 3 9 - (69) (158) (531)
1713: 4 100 - (34) (185)
1714: 4 71 - (79) (148)
1715: 6 48 - (12) (356)
1716: 3 30 - (61) (426)
1717: 6 13 546 - (59) (89) (8827)
1718: 4 36 39 - (166) (533) (657)
1719: 2 4 32 - (79) (164) (388)
1720: 2 4 14 - (6) (31) (76)
1721: 5 50 1700 - (10) (134) (238)
1722: 6 70 - (2) (399)
1723: 3 8 504 - (47) (83) (657)
1724: 2 30 1170 - (219) (498) (663)
1725: 6 17 - (74) (201)
1726: 2 6 120 - (71) (83) (424)
1727: 2 4 5 - (53) (59) (316)
1728: 8 92 - (332) (1978)
1729: 2 3 12 - (46) (68) (79)
1730: 2 7 140 - (53) (76) (130)
1731: 9 13 - (17) (639)
1732: 3 8 168 - (67) (73) (148)
1733: 31 2852 - (41) (3082)
1734: 3 69 8924 - (59) (76) (106)
1735: 2 21 - (31) (1162)
1736: 4 100 - (73) (1175)
1737: 3 39 1989 - (53) (97) (3723)
1738: 2 7 336 - (134) (316) (732)
1739: 4 16 - (12) (17)
1740: 2 4 22 - (34) (332) (374)
1741: 3 8 168 - (6) (62) (116)
1742: 2 3 24 - (37) (62) (71)
1743: 3 204 - (53) (3026)
1744: 2 9 99 - (82) (83) (87)
1745: 2 3 24 - (43) (122) (332)
1746: 3 60 - (68) (83)
1747: 2 7 140 - (58) (118) (290)
1748: 18 162 - (67) (237)
1749: 2 12 64 - (116) (248) (402)
1750: 13 1030 1272050 - (61) (265) (8455)
1751: 2 6 84 - (17) (79) (434)
1752: 4 22 - (188) (341)
1753: 3 144 - (40) (1776)
1754: 6 48 - (53) (536)
1755: 2 9 306 - (87) (123) (1479)
1756: 2 4 96 - (536) (664) (992)
1757: 6 36 - (84) (97)
1758: 2 7 126 - (69) (123) (273)
1759: 3 7 168 - (67) (122) (344)
1760: 2 6 36 - (33) (76) (213)
1761: 3 9 117 - (29) (61) (2769)
1762: 10 210 - (19) (231)
1763: 10 340 - (118) (1037)
1764: 4 7 - (388) (854)
1765: 5 56 10920 - (11) (42) (1157)
1766: 2 8 32 - (7) (74) (118)
1767: 6 84 - (148) (427)
1768: 9 117 - (23) (531)
1769: 6 43 12900 - (85) (110) (292)
1770: 8 159 41976 - (29) (69) (477)
1771: 2 20 680 - (5) (488) (697)
1772: 3 23 276 - (73) (82) (268)
1773: 3 14 105 - (61) (145) (154)
1774: 5 36 2070 - (43) (244) (3266)
1775: 2 3 96 - (41) (61) (82)
1776: 6 984 - (19) (232)
1777: 14 215 138460 - (22) (292) (506)
1778: 2 28 - (236) (1246)
1779: 2 12 144 - (388) (531) (656)
1780: 3 75 - (37) (1185)
1781: 2 3 24 - (19) (58) (188)
1782: 3 8 96 - (37) (194) (488)
1783: 4 22 - (166) (781)
1784: 10 128 32640 - (61) (71) (442)
1785: 4 108 - (89) (219)
1786: 2 7 16 - (176) (184) (1736)
1787: 2 8 120 - (37) (79) (105)
1788: 3 12 336 - (5) (376) (2716)
1789: 3 12 - (11) (291)
1790: 4 108 - (111) (423)
1791: 4 30 5220 - (71) (141) (369)
1792: 3 8 60 - (116) (134) (424)
1793: 8 38 - (17) (551)
1794: 10 44 - (146) (3212)
1795: 8 72 - (37) (60)
1796: 2 7 119 - (73) (178) (731)
1797: 2 44 - (10) (583)
1798: 3 510 - (74) (7565)
1799: 4 300 - (35) (705)
1800: 2 24 - (20) (492)
1801: 3 12 - (37) (388)
1802: 11 836 - (7) (1501)
1803: 2 6 192 - (23) (106) (268)
1804: 2 150 - (155) (555)
1805: 2 10 140 - (37) (134) (284)
1806: 2 90 - (97) (415)
1807: 2 4 34 - (38) (134) (356)
1808: 3 9 126 - (31) (77) (122)
1809: 3 11 5676 - (6) (28) (430)
1810: 4 14 - (73) (413)
1811: 3 18 - (51) (153)
1812: 2 12 - (31) (124)
1813: 15 660 - (23) (68)
1814: 4 15 1260 - (23) (219) (1743)
1815: 11 352 - (73) (632)
1816: 2 20 - (164) (265)
1817: 3 60 - (82) (290)
1818: 3 12 - (178) (188)
1819: 51 7752 - (178) (536)
1820: 3 8 72 - (26) (222) (774)
1821: 6 13 - (67) (318)
1822: 6 16 1488 - (24) (59) (122)
1823: 12 163 185820 - (31) (43) (1406)
1824: 2 8 - (134) (244)
1825: 2 38 2128 - (164) (476) (1168)
1826: 2 3 9 - (11) (19) (246)
1827: 4 588 - (47) (987)
1828: 3 330 - (19) (1738)
1829: 2 5 270 - (21) (141) (153)
1830: 3 10 120 - (34) (230) (296)
1831: 2 5 420 - (58) (129) (322)
1832: 3 9 504 - (116) (568) (812)
1833: 2 8 216 - (17) (33) (369)
1834: 14 280 - (37) (664)
1835: 3 9 162 - (11) (47) (1377)
1836: 2 15 - (141) (185)
1837: 2 10 390 - (83) (194) (923)
1838: 2 15 360 - (71) (136) (244)
1839: 14 378 - (11) (531)
1840: 7 189 - (13) (111)
1841: 6 37 - (87) (122)
1842: 12 150 - (166) (1775)
1843: 4 18 873 - (134) (146) (212)
1844: 3 12 - (194) (316)
1845: 2 35 - (182) (485)
1846: 2 9 - (267) (582)
1847: 3 30 - (38) (1005)
1848: 8 504 - (83) (423)
1849: 2 8 - (11) (244)
1850: 3 7 63 - (19) (97) (777)
1851: 2 12 - (97) (116)
1852: 4 16 - (86) (106)
1853: 2 17 561 - (71) (79) (1947)
1854: 2 16 1008 - (82) (117) (219)
1855: 9 92 8901 - (146) (146) (301)
1856: 2 20 480 - (23) (172) (354)
1857: 8 176 - (1424) (4136)
1858: 3 18 - (39) (498)
1859: 2 7 12 - (178) (228) (238)
1860: 3 10 165 - (13) (249) (473)
1861: 2 3 72 - (89) (171) (222)
1862: 3 8 33 - (7) (68) (232)
1863: 2 16 1200 - (28) (158) (2150)
1864: 8 63 6552 - (37) (51) (533)
1865: 4 38 6460 - (79) (102) (215)
1866: 2 3 12 - (74) (97) (116)
1867: 2 6 210 - (46) (61) (77)
1868: 3 18 66 - (129) (177) (711)
1869: 2 8 - (79) (356)
1870: 2 3 90 - (41) (213) (603)
1871: 4 16 432 - (423) (1746) (1971)
1872: 12 87 - (26) (292)
1873: 5 80 - (460) (496)
1874: 2 5 270 - (153) (171) (603)
